vars = 30 ; constr = 2 
total_times_used = 1.83
size_Y_N = 7
Y_N = [[372020.0, 2.322405e6], [431310.0, 2.272895e6], [442120.0, 2.262939e6], [468346.0, 2.238769e6], [474720.0, 2.230769e6], [475103.0, 2.229391e6], [490191.0, 2.018e6]]

size_X_E = 7
