vars = 30 ; constr = 2 
total_times_used = 1.41
size_Y_N = 8
Y_N = [[371852.0, 2.027571e6], [383073.0, 2.020546e6], [402379.0, 2.007436e6], [420157.0, 1.993931e6], [428959.0, 1.985309e6], [470048.0, 1.938852e6], [476474.0, 1.831258e6], [485092.0, 1.623489e6]]

size_X_E = 8
