vars = 20 ; constr = 2 
total_times_used = 2.06
size_Y_N = 6
Y_N = [[302888.0, 1.408912e6], [319025.0, 1.400097e6], [353801.0, 1.367256e6], [358484.0, 1.362115e6], [360415.0, 1.359008e6], [363283.0, 1.349345e6]]

size_X_E = 6
