vars = 197 ; constr = 17 
total_times_used = 4.91
size_Y_N = 11
Y_N = [[11307.0, 21189.0], [11837.99999999997, 20084.999999999964], [13662.0, 20010.0], [13857.0, 19356.0], [15681.0, 16446.0], [15765.0, 16107.0], [16056.0, 14001.0], [17133.0, 12375.0], [20373.0, 11661.0], [22968.0, 11361.0], [23106.0, 10674.0]]

size_X_E = 11
