vars = 40 ; constr = 2 
total_times_used = 0.02
size_Y_N = 1
Y_N = [[1.4122103765215117e18, 1.577705869181676e17]]

size_X_E = 1
