vars = 40 ; constr = 2 
total_times_used = 0.04
size_Y_N = 2
Y_N = [[3.7177533183971487e18, 3.28105800233787e17], [3.717757444644781e18, 3.280243920577896e17]]

size_X_E = 2
