vars = 40 ; constr = 2 
total_times_used = 0.27
size_Y_N = 4
Y_N = [[3.494860589450579e18, 5.872004646968193e18], [3.4955978911025987e18, 5.871928647037582e18], [3.4956216669985464e18, 5.709251421956142e18], [3.4956216669985946e18, 1.3650192008274867e18]]

size_X_E = 4
