vars = 10 ; constr = 2 
total_times_used = 6.16
size_Y_N = 10
Y_N = [[5.1228937e7, 3.5129409e7], [6.3460937e7, 3.5063349e7], [6.7084937e7, 3.5060246e7], [7.052935e7, 3.5056979e7], [7.0529437e7, 3.1402087e7], [7.287848534332408e7, 2.383477966302381e7], [7.28784954902317e7, 2.383472520412467e7], [7.287849887255579e7, 2.3834707051042575e7], [7.28785e7, 2.3834701e7], [7.2878587e7, 2.0179809e7]]

size_X_E = 10
