vars = 10 ; constr = 2 
total_times_used = 6.37
size_Y_N = 5
Y_N = [[4.7493676e7, 2.54716834e8], [4.7507482e7, 2.54607244e8], [5.3013024e7, 1.86319539e8], [5.3038711e7, 1.65319059e8], [5.3042335e7, 1.57931059e8]]

size_X_E = 5
