vars = 10 ; constr = 2 
total_times_used = 6.28
size_Y_N = 3
Y_N = [[1.85075e7, 1.84022625e8], [3.22265e7, 8.9571493e7], [3.7808e7, 8.9569473e7]]

size_X_E = 3
