vars = 10 ; constr = 2 
total_times_used = 5.95
size_Y_N = 5
Y_N = [[2.438271e6, 3.49659e8], [2.465495e6, 3.4103494e8], [2.466982e6, 3.41029777e8], [2.467069e6, 3.41027757e8], [2.492722e6, 2.59852693e8]]

size_X_E = 5
