vars = 10 ; constr = 2 
total_times_used = 6.81
size_Y_N = 5
Y_N = [[4.1852391e7, 1.12045e8], [4.5340841e7, 1.05321032e8], [4.5342978e7, 1.0148714e8], [8.718845e7, 1.5922032e7], [8.7190587e7, 1.208814e7]]

size_X_E = 5
