vars = 20 ; constr = 2 
total_times_used = 0.91
size_Y_N = 4
Y_N = [[294937.0, 1.224331e6], [336026.0, 1.177874e6], [348001.0, 1.072734e6], [349822.0, 968871.0]]

size_X_E = 4
