vars = 28 ; constr = 2 
total_times_used = 16.66
size_Y_N = 54
Y_N = [[629.0, 683.0], [633.0, 682.0], [663.0, 676.0], [673.0, 670.0], [677.0, 663.0], [680.0, 662.0], [684.0, 658.0], [685.0, 656.0], [686.0, 655.0], [687.0, 653.0], [690.0, 651.0], [691.0, 650.0], [692.0, 648.0], [694.0, 645.0], [696.0, 644.0], [698.0, 642.0], [701.0, 639.0], [702.0, 637.0], [703.0, 636.0], [706.0, 631.0], [707.0, 629.0], [710.0, 628.0], [721.0, 609.0], [724.0, 604.0], [728.0, 600.0], [731.0, 598.0], [733.0, 596.0], [735.0, 592.0], [738.0, 590.0], [740.0, 587.0], [743.0, 585.0], [745.0000000000282, 581.999999999704], [747.0, 579.0], [750.0, 577.0], [757.0, 564.0], [758.0, 536.0], [759.0, 533.0], [763.0, 530.0], [765.0, 528.0], [768.0, 523.0], [769.0, 494.0], [770.0, 489.0], [771.0, 487.0], [772.0, 484.0], [773.0, 453.0], [774.0, 450.0], [780.0, 444.0], [784.0, 441.0], [786.0, 407.0], [790.0, 399.0], [793.0, 397.0], [796.0, 363.0], [797.0, 302.0], [798.0, 301.0]]

size_X_E = 54
