vars = 30 ; constr = 2 
total_times_used = 0.02
size_Y_N = 2
Y_N = [[3.6672520668848425e18, 1.1282871462739083e17], [3.667275868654748e18, 7.8904648467068e14]]

size_X_E = 2
