vars = 30 ; constr = 2 
total_times_used = 0.01
size_Y_N = 1
Y_N = [[3.4599492982370785e18, 5.759916183637622e18]]

size_X_E = 1
