vars = 30 ; constr = 2 
total_times_used = 0.19
size_Y_N = 4
Y_N = [[1.1316692743683368e16, 2.564546671389216e17], [5.358985625266977e18, 2.5637324133548934e17], [5.364530775733132e18, 2.563168829745438e17], [5.364572622880172e18, 1.878858035938848e17]]

size_X_E = 4
