vars = 30 ; constr = 2 
total_times_used = 0.28
size_Y_N = 5
Y_N = [[-3.474888542870476e18, 6.919732384716367e17], [-3.418387535592102e18, 6.919076436659418e17], [6.2076906665208e16, 6.830076436659418e17], [5.000354266323576e18, -6.440688877045288e18], [5.018593492659105e18, -7.12374353803995e18]]

size_X_E = 5
