vars = 28 ; constr = 2 
total_times_used = 16.02
size_Y_N = 58
Y_N = [[1639.0, 3227.0], [1729.0, 3217.0], [1794.0, 3212.0], [1811.0, 3193.0], [2642.0, 3165.0], [2657.0, 3004.0], [2694.0, 2983.0], [2731.0, 2982.0], [2772.0, 2973.0], [2800.0, 2961.0], [2814.0, 2956.0], [2846.0, 2942.0], [2863.0, 2940.0], [2878.0, 2939.0], [2879.0, 2930.0], [2888.0, 2927.0], [2920.0, 2920.0], [2945.0, 2912.0], [2961.0, 2911.0], [3039.0, 2901.0], [3067.0, 2877.0], [3083.0, 2872.0], [3092.0, 2869.0], [3145.00000000003, 2865.0000000000123], [3214.0, 2863.0], [3219.0, 2836.0], [3277.0, 2830.0], [3334.0, 2805.0], [3403.0, 2801.0], [3435.0, 2787.0], [3603.0, 2728.0], [3612.0, 2557.0], [3623.0, 2540.0], [3656.0, 2528.0], [3669.0, 2517.0], [3670.0, 2516.0], [3701.0, 2515.0], [3702.0, 2514.0], [3738.0, 2505.0], [3743.0, 2501.0], [3801.0, 2495.0], [3833.0, 2493.0], [3959.0, 2439.0], [3975.0, 2245.0], [3976.0, 2236.0], [3991.0, 2228.0], [3992.0, 2226.0], [4027.0, 2219.0], [4037.0, 2214.0], [4044.0, 2205.0], [4047.0, 2200.0], [4110.0, 2198.0], [4143.0, 2187.0], [4179.0, 2177.0], [4258.0, 2151.0], [4364.0, 2124.0], [4373.0, 1935.0], [4374.0, 1528.0]]

size_X_E = 58
