vars = 28 ; constr = 2 
total_times_used = 20.78
size_Y_N = 64
Y_N = [[731.0, 1779.0], [741.0, 1769.0], [751.0, 1759.0], [758.0, 1711.0], [764.0, 1704.0], [768.0, 1702.0], [774.0, 1694.0], [778.0, 1691.0], [779.0, 1688.0], [787.0, 1685.0], [789.0, 1678.0], [795.0, 1676.0], [797.0, 1674.0], [799.0, 1669.0], [803.0, 1666.0], [805.0, 1665.0], [807.0, 1664.0], [811.0, 1658.0], [815.0, 1656.0], [823.0, 1646.0], [830.0, 1599.0], [832.0, 1593.0], [840.0, 1590.0], [848.0, 1580.0], [850.0, 1578.0], [856.0, 1571.0], [866.0, 1559.0], [868.0, 1500.0], [869.0, 1459.0], [870.0, 1456.0], [871.0, 1455.0], [877.0, 1451.0], [885.0, 1443.0], [891.0, 1432.0], [901.0, 1424.0], [902.0, 1381.0], [903.0, 1365.0], [904.0, 1326.0], [906.0, 1322.0], [907.0, 1320.0], [912.0, 1315.0], [916.0, 1256.0], [917.0, 1214.0], [918.0, 1209.0], [921.0, 1155.0], [922.0, 1153.0], [927.0, 1144.0], [928.0, 1143.0], [929.0, 1088.0], [932.0, 1084.0], [933.0, 1044.0], [934.0, 1040.0], [944.0, 1030.0], [949.0, 1024.0], [953.0, 965.0], [953.0000000000001, 963.0000000000009], [958.0, 956.0], [959.0, 954.0], [963.0, 892.0], [964.0, 853.0], [966.0, 794.0], [970.0, 750.0], [974.0, 688.0], [980.0, 520.0]]

size_X_E = 64
