vars = 40 ; constr = 2 
total_times_used = 1.91
size_Y_N = 8
Y_N = [[485278.0, 2.720758e6], [496298.0, 2.714735e6], [564517.0, 2.651237e6], [602250.0, 2.613193e6], [621166.0, 2.588676e6], [627592.0, 2.481082e6], [633017.0, 2.379152e6], [636210.0, 2.273313e6]]

size_X_E = 8
