vars = 40 ; constr = 2 
total_times_used = 4.06
size_Y_N = 9
Y_N = [[403678.0, 2.888744e6], [414218.0, 2.883913e6], [430438.0, 2.870706e6], [497578.0, 2.806984e6], [498058.0, 2.805792e6], [498788.0, 2.803408e6], [539881.0, 2.668353e6], [544286.0, 2.364654e6], [544618.0, 2.268351e6]]

size_X_E = 9
