vars = 40 ; constr = 2 
total_times_used = 0.74
size_Y_N = 15
Y_N = [[9.470662820359832e12, 9.5259325962739e13], [9.470662821150191e12, 9.5259325962738e13], [9.470662824311639e12, 9.5259325962734e13], [9.470662825102e12, 9.5259325962733e13], [9.470689069958e12, 9.5259324574733e13], [5.596470662068219e15, 9.5259317644193e13], [5.596476844104102e15, 9.5259298656153e13], [5.618167662025841e15, 9.5259236079193e13], [5.618173357064102e15, 9.5259207021153e13], [5.618178857025841e15, 9.5259138724633e13], [5.618179302215841e15, 9.5202855687633e13], [5.618188537175841e15, 9.5202780358556e13], [5.618188600912872e15, 9.4997617176891e13], [5.618188601305211e15, 9.5101068629556e13], [5.618188606033601e15, 9.5191077776556e13]]

size_X_E = 15
