vars = 40 ; constr = 2 
total_times_used = 0.2
size_Y_N = 13
Y_N = [[1.73577858081e11, 1.4649970310703e14], [1.73588725511e11, 1.46499703093586e14], [1.73593065943e11, 1.46499688343661e14], [2.3967987079081e13, 1.46499688341705e14], [2.3973574078714e13, 1.46499688332676e14], [2.3973583346144e13, 1.46499688224758e14], [2.3973584943576e13, 1.46499688224281e14], [2.3973605176997e13, 1.46499521004266e14], [2.3973608833997e13, 1.46499521001221e14], [2.3973610065694e13, 1.46499598753221e14], [2.3973611967923e13, 1.4649968230477e14], [2.3973613749061e13, 1.4649951868917e14], [2.3973626322794e13, 1.46499341870104e14]]

size_X_E = 13
