vars = 40 ; constr = 2 
total_times_used = 0.33
size_Y_N = 18
Y_N = [[1.0731205673073e14, 3.7052722826043e13], [1.0731755636373e14, 3.7052719870705e13], [1.1287205634844e14, 3.7052718916043e13], [1.1288461469544e14, 3.7052702559705e13], [1.1291030168030733e14, 3.7052701838087e13], [1.1291030168282942e14, 3.705270183808501e13], [1.1291030169039578e14, 3.7052701838079e13], [1.1291030169544e14, 3.7052701838075e13], [1.1291580132844e14, 3.7052698882737e13], [1.1291737109344e14, 3.7052692786075e13], [1.12917391693743e14, 3.7052687233075e13], [1.12922891326743e14, 3.7052684277737e13], [1.12922902713743e14, 3.7052669689737e13], [1.12922916342743e14, 3.7052589024737e13], [1.12922959912743e14, 3.7052586520637e13], [1.12922986492743e14, 3.7047825030637e13], [1.12922989685743e14, 3.7043981079384e13], [1.12922992834743e14, 3.6369586079384e13]]

size_X_E = 18
