vars = 40 ; constr = 2 
total_times_used = 0.03
size_Y_N = 3
Y_N = [[2.1735276737514824e16, 2.10370353472e11], [2.174453874407086e16, 2.10366805803e11], [2.1744538775077452e16, 2.10365073289e11]]

size_X_E = 3
