vars = 20 ; constr = 1 
total_times_used = 8.22
size_Y_N = 4
Y_N = [[918.0000000000001, 984.0000000000001], [934.0, 971.0], [948.0, 939.0], [955.0, 906.0]]
