vars = 20 ; constr = 2 
 # informations of B&B algorithm : 
total_times_used = 11.65 
total_nodes = 4727 
pruned_nodes = 2364 
GAP = 0.0 
relaxation_time = 11.05 
test_dominance_time = 0.04 
update_incumbent_time = 0.04 
tree_size = 6.842 

size_Y_N = 3
Y_N = [[360875.0, 1.456553e6], [363584.0, 1.354713e6], [365214.0, 1.346238e6]]
