vars = 40 ; constr = 2 
total_times_used = 1.43
size_Y_N = 7
Y_N = [[672990.0, 415939.0], [676647.0, 412902.0], [691382.0000000066, 410638.0000000028], [697996.0, 406612.0], [698296.0, 401539.0], [700182.0, 312381.0], [700798.0, 310505.0]]

size_X_E = 7
