vars = 20 ; constr = 2 
total_times_used = 0.05
size_Y_N = 5
Y_N = [[2.1935414783e10, 1.87692047e8], [2.1937886783e10, 1.87682995e8], [2.1942116196e10, 1.87682718e8], [2.1942452946e10, 1.87675741e8], [2.1942488022e10, 1.87009785e8]]

size_X_E = 5
