vars = 20 ; constr = 2 
total_times_used = 0.49
size_Y_N = 12
Y_N = [[2.10713379e8, 1.1474369066e10], [2.16240179e8, 1.1470541664e10], [2.41927179e8, 1.1469820034e10], [2.42263929e8, 1.1469813057e10], [2.49004169e8, 1.1469635034e10], [2.5447387273329294e8, 1.1469628775999884e10], [2.54473919e8, 1.146962876e10], [2.54500719e8, 1.1465797696e10], [2.54837469e8, 1.1465790719e10], [2.54862132e8, 1.1458692655e10], [2.57633657e8, 1.135856776e10], [2.58027457e8, 1.1354739655e10]]

size_X_E = 12
