vars = 100 ; constr = 10 
total_times_used = 5.68
size_Y_N = 10
Y_N = [[15.0, 204.0], [72.0, 167.0], [78.99999999999999, 156.99999999999983], [111.0, 156.0], [129.0, 120.0], [147.0, 110.0], [177.0, 109.0], [179.0, 94.0], [186.0, 93.0], [209.0, 84.0]]

size_X_E = 10
