vars = 100 ; constr = 300 
total_times_used = 8.23
size_Y_N = 10
Y_N = [[2100.0, 2475.0], [2316.0, 2434.0], [2408.0, 2409.0], [2445.0, 2392.0], [2470.0, 2367.0], [2502.0, 2331.0], [2594.0000000000014, 2192.000000000002], [2638.0, 2116.9999999999995], [2661.0, 2073.0], [2680.0, 2030.0]]

size_X_E = 10
