vars = 100 ; constr = 300 
total_times_used = 7.33
size_Y_N = 6
Y_N = [[1851.0000000000005, 2487.000000000001], [1993.0, 2479.0], [2096.0, 2464.0], [2333.0, 2267.0], [2387.0, 2187.0], [2391.0, 2129.0]]

size_X_E = 6
