vars = 100 ; constr = 500 
total_times_used = 6.44
size_Y_N = 5
Y_N = [[1680.0, 2008.0], [1748.0, 1994.0], [2096.0, 1800.0], [2192.0, 1720.0], [2203.9999999999995, 1431.9999999999998]]

size_X_E = 5
