vars = 100 ; constr = 300 
total_times_used = 9.2
size_Y_N = 11
Y_N = [[1785.0, 2251.0], [1956.0, 2220.0], [2079.0, 2168.0], [2137.0, 2119.0], [2202.0, 2061.0], [2220.0, 2042.0], [2257.0, 1994.0], [2305.0, 1931.0], [2332.0000000000014, 1818.0000000000166], [2344.0, 1707.0], [2355.0, 1491.0]]

size_X_E = 11
