vars = 50 ; constr = 2 
total_times_used = 3.05
size_Y_N = 9
Y_N = [[434886.0, 3.644427e6], [442226.0, 3.642593e6], [453246.0, 3.63657e6], [536606.0, 3.559641e6], [562660.0, 3.438034e6], [572600.0, 3.328108e6], [580285.0, 3.223747e6], [584925.0, 3.128662e6], [597253.0, 2.311546e6]]

size_X_E = 9
