vars = 50 ; constr = 2 
total_times_used = 1.77
size_Y_N = 5
Y_N = [[689092.0, 4.014893e6], [717852.0, 3.989377e6], [771092.0, 3.940099e6], [785161.0, 3.823466e6], [787963.0, 3.715682e6]]

size_X_E = 5
