vars = 50 ; constr = 2 
total_times_used = 5.3
size_Y_N = 13
Y_N = [[139559.0, 541655.0], [166584.0, 540414.0], [176064.0, 537101.0], [183048.0, 532784.0], [195449.0, 524193.0], [208911.0000000003, 502370.99999999907], [211961.0, 489869.0], [219428.0, 456956.0], [220878.0, 450150.0], [229116.0, 379722.0], [236186.0, 292873.0], [238977.0, 250918.0], [239518.0, 227341.0]]

size_X_E = 13
