vars = 100 ; constr = 500 
total_times_used = 6.12
size_Y_N = 15
Y_N = [[1680.0, 2008.0], [1748.0, 1994.0], [1750.0, 1954.0], [1768.0, 1948.0], [1822.0, 1916.0], [1846.0, 1878.0], [1856.0, 1874.0], [1994.0, 1856.0], [2018.0, 1818.0], [2096.0, 1800.0], [2116.0, 1754.0], [2134.0, 1738.0], [2192.0, 1720.0], [2202.0, 1472.0], [2203.9999999999995, 1431.9999999999998]]

size_X_E = 15
