vars = 30 ; constr = 2 
total_times_used = 4.59
size_Y_N = 31
Y_N = [[371852.0, 2.027571e6], [383073.0, 2.020546e6], [391158.0, 2.014461e6], [402379.0, 2.007436e6], [407722.0, 2.001526e6], [409653.0, 1.998419e6], [420157.0, 1.993931e6], [425302.0, 1.988354e6], [428959.0, 1.985309e6], [430589.0, 1.976834e6], [440310.0, 1.969059e6], [442498.0, 1.968685e6], [443985.0, 1.963522e6], [445455.0, 1.963482e6], [446122.0, 1.961297e6], [449112.0, 1.960437e6], [450742.0, 1.951962e6], [461246.0, 1.947474e6], [466391.0, 1.941897e6], [470048.0, 1.938852e6], [471329.0, 1.836835e6], [476474.0, 1.831258e6], [477600.0, 1.641199e6], [478385.0, 1.637681e6], [479087.0, 1.636036e6], [479174.0, 1.634016e6], [481224.0, 1.633811e6], [481468.0, 1.630877e6], [482955.0, 1.625714e6], [483042.0, 1.623694e6], [485092.0, 1.623489e6]]

size_X_E = 31
