vars = 10 ; constr = 2 
total_times_used = 0.1
size_Y_N = 1
Y_N = [[3.541258e12, 1.86828162909456e17]]

size_X_E = 1
