vars = 10 ; constr = 2 
total_times_used = 0.29
size_Y_N = 2
Y_N = [[8.0111009037e13, 1.1333949000020032e16], [5.598261e15, 7.574020032e9]]

size_X_E = 2
