vars = 10 ; constr = 2 
total_times_used = 0.32
size_Y_N = 4
Y_N = [[4.1866973335e13, 2.1443360309446e14], [4.7415545335e13, 2.14332623e14], [4.7415632335e13, 2.1423614309446e14], [4.7424544074e13, 1.4603630809446e14]]

size_X_E = 4
