vars = 10 ; constr = 2 
total_times_used = 0.23
size_Y_N = 2
Y_N = [[3.827711343835e13, 1.117023594e14], [3.250294203403839e18, 1.11691068138e14]]

size_X_E = 2
