vars = 20 ; constr = 2 
total_times_used = 0.35
size_Y_N = 6
Y_N = [[5.9411248725367e13, 8.977642367390995e16], [2.380565324403e16, 8.96297215700761e16], [2.3847500857265e16, 8.95917396632431e16], [2.3847587857265e16, 8.959164318333757e16], [2.385308781900437e16, 8.952334666344106e16], [2.3853845357695e16, 1.29764483170563e14]]

size_X_E = 6
