vars = 20 ; constr = 2 
total_times_used = 0.09
size_Y_N = 3
Y_N = [[1.5461008830500982e17, 1.2048005042066e16], [1.5464834004724483e17, 1.2030092068929e16], [1.5464838211061184e17, 1.1347092819827662e16]]

size_X_E = 3
