vars = 20 ; constr = 2 
total_times_used = 0.02
size_Y_N = 1
Y_N = [[3.46044258874141e15, 4.5926837824331003e18]]

size_X_E = 1
