vars = 20 ; constr = 2 
total_times_used = 0.02
size_Y_N = 2
Y_N = [[3.2503035424602004e18, 1.0074979004056568e17], [3.2503106164601585e18, 1.007384670413037e17]]

size_X_E = 2
