vars = 30 ; constr = 2 
total_times_used = 0.26
size_Y_N = 11
Y_N = [[1.61860906231e11, 5.0432292896e10], [1.93041751231e11, 5.043155364e10], [2.00062273691e11, 5.0429509549e10], [2.00062300271e11, 5.0424748059e10], [2.00066023231e11, 5.0424744317e10], [2.00081266231e11, 5.041552464e10], [2.00119515691e11, 5.0336354928e10], [2.05619882231e11, 5.0331597549e10], [2.0562227247e11, 4.9749319549e10], [2.0562399847e11, 4.9648599276e10], [2.05626013208e11, 3.1836318317e10]]

size_X_E = 11
