vars = 30 ; constr = 2 
total_times_used = 0.04
size_Y_N = 3
Y_N = [[3.8514209565e10, 2.8671337641e10], [2.1744812691015e13, 2.8671211721e10], [2.1744812695814e13, 2.7988219295e10]]

size_X_E = 3
