vars = 30 ; constr = 2 
total_times_used = 0.38
size_Y_N = 5
Y_N = [[1.8079898093e10, 6.05047552703e11], [1.808063097e10, 6.04979516116e11], [1.8080644331e10, 6.04958636136e11], [1.809755601e10, 4.14070376371e11], [1.809969301e10, 3.17479836371e11]]

size_X_E = 5
