vars = 30 ; constr = 2 
total_times_used = 0.82
size_Y_N = 15
Y_N = [[5.602048088163e12, 9.4794404866063e13], [5.602074521163e12, 9.479446113918e13], [5.618229671163e12, 9.4794404668028e13], [5.623777670603e12, 9.4794371171468e13], [5.623783482603e12, 9.4794274575391e13], [5.623786472603e12, 9.4794273715391e13], [5.625766863603e12, 9.461913582818e13], [5.632533715603e12, 2.66823980028e11], [5.632535635596764e12, 2.6673109256664746e11], [5.632535635602985e12, 2.667309074182887e11], [5.632535635603e12, 2.66730906988e11], [5.639603111055273e12, 2.5267701875130432e11], [5.639603113598069e12, 2.5253908051238953e11], [5.63960311360299e12, 2.5253881354469244e11], [5.639603113603e12, 2.52538813028e11]]

size_X_E = 15
