vars = 30 ; constr = 2 
total_times_used = 0.25
size_Y_N = 13
Y_N = [[1.18494487584e11, 8.9542251677762e13], [1.1849449171e11, 8.9542251677449e13], [1.18494498467e11, 8.9542251668071e13], [2.3912887326142e13, 8.954210145163e13], [2.3912914348206e13, 8.9542092834579e13], [2.3912920502839e13, 8.954209282505e13], [2.391292475477e13, 8.9542080086706e13], [2.3912925214403e13, 8.9542080080762e13], [2.3912934016403e13, 8.954208007214e13], [2.391847812877e13, 8.9542075698539e13], [2.3918482363403e13, 8.9542075688217e13], [2.3918483993403e13, 8.9542067213217e13], [2.3918491587142e13, 8.954200738414e13]]

size_X_E = 13
