vars = 200 ; constr = 40 
total_times_used = 8.59
size_Y_N = 12
Y_N = [[702.0, 1662.0], [710.0000000000003, 1506.0000000000007], [722.0000000000003, 1276.0000000000002], [729.9999999999999, 1128.0], [738.0, 1054.0], [750.0, 976.0], [828.0, 898.0], [1058.0, 742.0], [1174.0, 703.0], [1256.0, 695.0], [1330.0, 691.0], [1704.0, 675.0]]

size_X_E = 12
